0: 0 0 1 2 4 8 16 32 64
1: 1 0 1 3 5 9 17 33 65
2: 2 0 2 3 6 10 18 34 66
3: 3 1 2 3 7 11 19 35 67
4: 4 0 4 5 6 12 20 36 68
5: 5 1 4 5 7 13 21 37 69
6: 6 2 4 6 7 14 22 38 70
7: 7 3 5 6 7 23 39
8: 8 0 8 9 10 12 24 40 72
9: 9 1 8 9 11 13 25 41 73
10: 10 2 8 10 11 14 26 42 74
11: 11 3 9 10 11 27 43 75
12: 12 4 8 12 13 14 28 44 76
13: 13 5 9 12 13 29 45 77
14: 14 6 10 12 14 46 78
15: 16 0 16 17 18 20 24 48 80
16: 17 1 16 17 19 21 25 49 81
17: 18 2 16 18 19 22 26 50 82
18: 19 3 17 18 19 23 27 51 83
19: 20 4 16 20 21 22 28 52 84
20: 21 5 17 20 21 23 29 53 85
21: 22 6 18 20 22 23 54 86
22: 23 7 19 21 22 23 55
23: 24 8 16 24 25 26 28 56 88
24: 25 9 17 24 25 27 29 57 89
25: 26 10 18 24 26 27 58 90
26: 27 11 19 25 26 27 59 91
27: 28 12 20 24 28 29 92
28: 29 13 21 25 28 29 93
29: 32 0 32 33 34 36 40 48 96
30: 33 1 32 33 35 37 41 49 97
31: 34 2 32 34 35 38 42 50 98
32: 35 3 33 34 35 39 43 51
33: 36 4 32 36 37 38 44 52 100
34: 37 5 33 36 37 39 45 53 101
35: 38 6 34 36 38 39 46 54 102
36: 39 7 35 37 38 39 55
37: 40 8 32 40 41 42 44 56 104
38: 41 9 33 40 41 43 45 57 105
39: 42 10 34 40 42 43 46 58 106
40: 43 11 35 41 42 43 59
41: 44 12 36 40 44 45 46 108
42: 45 13 37 41 44 45 109
43: 46 14 38 42 44 46 110
44: 48 16 32 48 49 50 52 56 112
45: 49 17 33 48 49 51 53 57
46: 50 18 34 48 50 51 54 58 114
47: 51 19 35 49 50 51 55 59
48: 52 20 36 48 52 53 54 116
49: 53 21 37 49 52 53 55
50: 54 22 38 50 52 54 55 118
51: 55 23 39 51 53 54 55
52: 56 24 40 48 56 57 58
53: 57 25 41 49 56 57 59
54: 58 26 42 50 56 58 59
55: 59 27 43 51 57 58 59
56: 64 0 64 65 66 68 72 80 96
57: 65 1 64 65 67 69 73 81 97
58: 66 2 64 66 67 70 74 82 98
59: 67 3 65 66 67 75 83
60: 68 4 64 68 69 70 76 84 100
61: 69 5 65 68 69 77 85 101
62: 70 6 66 68 70 78 86 102
63: 72 8 64 72 73 74 76 88 104
64: 73 9 65 72 73 75 77 89 105
65: 74 10 66 72 74 75 78 90 106
66: 75 11 67 73 74 75 91
67: 76 12 68 72 76 77 78 92 108
68: 77 13 69 73 76 77 93 109
69: 78 14 70 74 76 78 110
70: 80 16 64 80 81 82 84 88 112
71: 81 17 65 80 81 83 85 89
72: 82 18 66 80 82 83 86 90 114
73: 83 19 67 81 82 83 91
74: 84 20 68 80 84 85 86 92 116
75: 85 21 69 81 84 85 93
76: 86 22 70 82 84 86 118
77: 88 24 72 80 88 89 90 92
78: 89 25 73 81 88 89 91 93
79: 90 26 74 82 88 90 91
80: 91 27 75 83 89 90 91
81: 92 28 76 84 88 92 93
82: 93 29 77 85 89 92 93
83: 96 32 64 96 97 98 100 104 112
84: 97 33 65 96 97 101 105
85: 98 34 66 96 98 102 106 114
86: 100 36 68 96 100 101 102 108 116
87: 101 37 69 97 100 101 109
88: 102 38 70 98 100 102 110 118
89: 104 40 72 96 104 105 106 108
90: 105 41 73 97 104 105 109
91: 106 42 74 98 104 106 110
92: 108 44 76 100 104 108 109 110
93: 109 45 77 101 105 108 109
94: 110 46 78 102 106 108 110
95: 112 48 80 96 112 114 116
96: 114 50 82 98 112 114 118
97: 116 52 84 100 112 116 118
98: 118 54 86 102 114 116 118
