0 1
0 2
0 3
0 4
0 5
0 6
0 8
0 9
0 10
0 12
0 15
0 16
0 17
0 19
0 23
0 29
0 30
0 31
0 33
0 37
0 44
0 56
0 57
0 58
0 60
0 63
0 70
0 83
1 2
1 3
1 4
1 5
1 7
1 8
1 9
1 11
1 13
1 15
1 16
1 18
1 20
1 24
1 29
1 30
1 32
1 34
1 38
1 45
1 56
1 57
1 59
1 61
1 64
1 71
1 84
2 3
2 4
2 6
2 7
2 8
2 10
2 11
2 14
2 15
2 17
2 18
2 21
2 25
2 29
2 31
2 32
2 35
2 39
2 46
2 56
2 58
2 59
2 62
2 65
2 72
2 85
3 5
3 6
3 7
3 9
3 10
3 11
3 16
3 17
3 18
3 22
3 26
3 30
3 31
3 32
3 36
3 40
3 47
3 57
3 58
3 59
3 66
3 73
4 5
4 6
4 7
4 8
4 12
4 13
4 14
4 15
4 19
4 20
4 21
4 27
4 29
4 33
4 34
4 35
4 41
4 48
4 56
4 60
4 61
4 62
4 67
4 74
4 86
5 6
5 7
5 9
5 12
5 13
5 16
5 19
5 20
5 22
5 28
5 30
5 33
5 34
5 36
5 42
5 49
5 57
5 60
5 61
5 68
5 75
5 87
6 7
6 10
6 12
6 14
6 17
6 19
6 21
6 22
6 31
6 33
6 35
6 36
6 43
6 50
6 58
6 60
6 62
6 69
6 76
6 88
7 11
7 13
7 14
7 18
7 20
7 21
7 22
7 32
7 34
7 35
7 36
7 51
7 59
7 61
7 62
8 9
8 10
8 11
8 12
8 13
8 14
8 15
8 23
8 24
8 25
8 27
8 29
8 37
8 38
8 39
8 41
8 52
8 56
8 63
8 64
8 65
8 67
8 77
8 89
9 10
9 11
9 12
9 13
9 16
9 23
9 24
9 26
9 28
9 30
9 37
9 38
9 40
9 42
9 53
9 57
9 63
9 64
9 66
9 68
9 78
9 90
10 11
10 12
10 14
10 17
10 23
10 25
10 26
10 31
10 37
10 39
10 40
10 43
10 54
10 58
10 63
10 65
10 66
10 69
10 79
10 91
11 13
11 14
11 18
11 24
11 25
11 26
11 32
11 38
11 39
11 40
11 55
11 59
11 64
11 65
11 66
11 80
12 13
12 14
12 19
12 23
12 27
12 28
12 33
12 37
12 41
12 42
12 43
12 60
12 63
12 67
12 68
12 69
12 81
12 92
13 14
13 20
13 24
13 27
13 28
13 34
13 38
13 41
13 42
13 61
13 64
13 67
13 68
13 82
13 93
14 21
14 25
14 27
14 35
14 39
14 41
14 43
14 62
14 65
14 67
14 69
14 94
15 16
15 17
15 18
15 19
15 20
15 21
15 23
15 24
15 25
15 27
15 29
15 44
15 45
15 46
15 48
15 52
15 56
15 70
15 71
15 72
15 74
15 77
15 95
16 17
16 18
16 19
16 20
16 22
16 23
16 24
16 26
16 28
16 30
16 44
16 45
16 47
16 49
16 53
16 57
16 70
16 71
16 73
16 75
16 78
17 18
17 19
17 21
17 22
17 23
17 25
17 26
17 31
17 44
17 46
17 47
17 50
17 54
17 58
17 70
17 72
17 73
17 76
17 79
17 96
18 20
18 21
18 22
18 24
18 25
18 26
18 32
18 45
18 46
18 47
18 51
18 55
18 59
18 71
18 72
18 73
18 80
19 20
19 21
19 22
19 23
19 27
19 28
19 33
19 44
19 48
19 49
19 50
19 60
19 70
19 74
19 75
19 76
19 81
19 97
20 21
20 22
20 24
20 27
20 28
20 34
20 45
20 48
20 49
20 51
20 61
20 71
20 74
20 75
20 82
21 22
21 25
21 27
21 35
21 46
21 48
21 50
21 51
21 62
21 72
21 74
21 76
21 98
22 26
22 28
22 36
22 47
22 49
22 50
22 51
22 73
22 75
22 76
23 24
23 25
23 26
23 27
23 28
23 37
23 44
23 52
23 53
23 54
23 63
23 70
23 77
23 78
23 79
23 81
24 25
24 26
24 27
24 28
24 38
24 45
24 52
24 53
24 55
24 64
24 71
24 77
24 78
24 80
24 82
25 26
25 27
25 39
25 46
25 52
25 54
25 55
25 65
25 72
25 77
25 79
25 80
26 28
26 40
26 47
26 53
26 54
26 55
26 66
26 73
26 78
26 79
26 80
27 28
27 41
27 48
27 52
27 67
27 74
27 77
27 81
27 82
28 42
28 49
28 53
28 68
28 75
28 78
28 81
28 82
29 30
29 31
29 32
29 33
29 34
29 35
29 37
29 38
29 39
29 41
29 44
29 45
29 46
29 48
29 52
29 56
29 83
29 84
29 85
29 86
29 89
29 95
30 31
30 32
30 33
30 34
30 36
30 37
30 38
30 40
30 42
30 44
30 45
30 47
30 49
30 53
30 57
30 83
30 84
30 87
30 90
31 32
31 33
31 35
31 36
31 37
31 39
31 40
31 43
31 44
31 46
31 47
31 50
31 54
31 58
31 83
31 85
31 88
31 91
31 96
32 34
32 35
32 36
32 38
32 39
32 40
32 45
32 46
32 47
32 51
32 55
32 59
32 84
32 85
33 34
33 35
33 36
33 37
33 41
33 42
33 43
33 44
33 48
33 49
33 50
33 60
33 83
33 86
33 87
33 88
33 92
33 97
34 35
34 36
34 38
34 41
34 42
34 45
34 48
34 49
34 51
34 61
34 84
34 86
34 87
34 93
35 36
35 39
35 41
35 43
35 46
35 48
35 50
35 51
35 62
35 85
35 86
35 88
35 94
35 98
36 40
36 42
36 43
36 47
36 49
36 50
36 51
36 87
36 88
37 38
37 39
37 40
37 41
37 42
37 43
37 44
37 52
37 53
37 54
37 63
37 83
37 89
37 90
37 91
37 92
38 39
38 40
38 41
38 42
38 45
38 52
38 53
38 55
38 64
38 84
38 89
38 90
38 93
39 40
39 41
39 43
39 46
39 52
39 54
39 55
39 65
39 85
39 89
39 91
39 94
40 42
40 43
40 47
40 53
40 54
40 55
40 66
40 90
40 91
41 42
41 43
41 48
41 52
41 67
41 86
41 89
41 92
41 93
41 94
42 43
42 49
42 53
42 68
42 87
42 90
42 92
42 93
43 50
43 54
43 69
43 88
43 91
43 92
43 94
44 45
44 46
44 47
44 48
44 49
44 50
44 52
44 53
44 54
44 70
44 83
44 95
44 96
44 97
45 46
45 47
45 48
45 49
45 51
45 52
45 53
45 55
45 71
45 84
45 95
46 47
46 48
46 50
46 51
46 52
46 54
46 55
46 72
46 85
46 95
46 96
46 98
47 49
47 50
47 51
47 53
47 54
47 55
47 73
47 96
48 49
48 50
48 51
48 52
48 74
48 86
48 95
48 97
48 98
49 50
49 51
49 53
49 75
49 87
49 97
50 51
50 54
50 76
50 88
50 96
50 97
50 98
51 55
51 98
52 53
52 54
52 55
52 77
52 89
52 95
53 54
53 55
53 78
53 90
54 55
54 79
54 91
54 96
55 80
56 57
56 58
56 59
56 60
56 61
56 62
56 63
56 64
56 65
56 67
56 70
56 71
56 72
56 74
56 77
56 83
56 84
56 85
56 86
56 89
56 95
57 58
57 59
57 60
57 61
57 63
57 64
57 66
57 68
57 70
57 71
57 73
57 75
57 78
57 83
57 84
57 87
57 90
58 59
58 60
58 62
58 63
58 65
58 66
58 69
58 70
58 72
58 73
58 76
58 79
58 83
58 85
58 88
58 91
58 96
59 61
59 62
59 64
59 65
59 66
59 71
59 72
59 73
59 80
59 84
59 85
60 61
60 62
60 63
60 67
60 68
60 69
60 70
60 74
60 75
60 76
60 81
60 83
60 86
60 87
60 88
60 92
60 97
61 62
61 64
61 67
61 68
61 71
61 74
61 75
61 82
61 84
61 86
61 87
61 93
62 65
62 67
62 69
62 72
62 74
62 76
62 85
62 86
62 88
62 94
62 98
63 64
63 65
63 66
63 67
63 68
63 69
63 70
63 77
63 78
63 79
63 81
63 83
63 89
63 90
63 91
63 92
64 65
64 66
64 67
64 68
64 71
64 77
64 78
64 80
64 82
64 84
64 89
64 90
64 93
65 66
65 67
65 69
65 72
65 77
65 79
65 80
65 85
65 89
65 91
65 94
66 68
66 69
66 73
66 78
66 79
66 80
66 90
66 91
67 68
67 69
67 74
67 77
67 81
67 82
67 86
67 89
67 92
67 93
67 94
68 69
68 75
68 78
68 81
68 82
68 87
68 90
68 92
68 93
69 76
69 79
69 81
69 88
69 91
69 92
69 94
70 71
70 72
70 73
70 74
70 75
70 76
70 77
70 78
70 79
70 81
70 83
70 95
70 96
70 97
71 72
71 73
71 74
71 75
71 77
71 78
71 80
71 82
71 84
71 95
72 73
72 74
72 76
72 77
72 79
72 80
72 85
72 95
72 96
72 98
73 75
73 76
73 78
73 79
73 80
73 96
74 75
74 76
74 77
74 81
74 82
74 86
74 95
74 97
74 98
75 76
75 78
75 81
75 82
75 87
75 97
76 79
76 81
76 88
76 96
76 97
76 98
77 78
77 79
77 80
77 81
77 82
77 89
77 95
78 79
78 80
78 81
78 82
78 90
79 80
79 81
79 91
79 96
80 82
81 82
81 92
81 97
82 93
83 84
83 85
83 86
83 87
83 88
83 89
83 90
83 91
83 92
83 95
83 96
83 97
84 85
84 86
84 87
84 89
84 90
84 93
84 95
85 86
85 88
85 89
85 91
85 94
85 95
85 96
85 98
86 87
86 88
86 89
86 92
86 93
86 94
86 95
86 97
86 98
87 88
87 90
87 92
87 93
87 97
88 91
88 92
88 94
88 96
88 97
88 98
89 90
89 91
89 92
89 93
89 94
89 95
90 91
90 92
90 93
91 92
91 94
91 96
92 93
92 94
92 97
93 94
94 98
95 96
95 97
95 98
96 97
96 98
97 98
