0 0 0 1 2 4 8 15 29 56
1 1 0 1 3 5 9 16 30 57
2 2 0 2 3 6 10 17 31 58
3 3 1 2 3 7 11 18 32 59
4 4 0 4 5 6 12 19 33 60
5 5 1 4 5 7 13 20 34 61
6 6 2 4 6 7 14 21 35 62
7 7 3 5 6 7 22 36
8 8 0 8 9 10 12 23 37 63
9 9 1 8 9 11 13 24 38 64
10 10 2 8 10 11 14 25 39 65
11 11 3 9 10 11 26 40 66
12 12 4 8 12 13 14 27 41 67
13 13 5 9 12 13 28 42 68
14 14 6 10 12 14 43 69
15 16 0 15 16 17 19 23 44 70
16 17 1 15 16 18 20 24 45 71
17 18 2 15 17 18 21 25 46 72
18 19 3 16 17 18 22 26 47 73
19 20 4 15 19 20 21 27 48 74
20 21 5 16 19 20 22 28 49 75
21 22 6 17 19 21 22 50 76
22 23 7 18 20 21 22 51
23 24 8 15 23 24 25 27 52 77
24 25 9 16 23 24 26 28 53 78
25 26 10 17 23 25 26 54 79
26 27 11 18 24 25 26 55 80
27 28 12 19 23 27 28 81
28 29 13 20 24 27 28 82
29 32 0 29 30 31 33 37 44 83
30 33 1 29 30 32 34 38 45 84
31 34 2 29 31 32 35 39 46 85
32 35 3 30 31 32 36 40 47
33 36 4 29 33 34 35 41 48 86
34 37 5 30 33 34 36 42 49 87
35 38 6 31 33 35 36 43 50 88
36 39 7 32 34 35 36 51
37 40 8 29 37 38 39 41 52 89
38 41 9 30 37 38 40 42 53 90
39 42 10 31 37 39 40 43 54 91
40 43 11 32 38 39 40 55
41 44 12 33 37 41 42 43 92
42 45 13 34 38 41 42 93
43 46 14 35 39 41 43 94
44 48 15 29 44 45 46 48 52 95
45 49 16 30 44 45 47 49 53
46 50 17 31 44 46 47 50 54 96
47 51 18 32 45 46 47 51 55
48 52 19 33 44 48 49 50 97
49 53 20 34 45 48 49 51
50 54 21 35 46 48 50 51 98
51 55 22 36 47 49 50 51
52 56 23 37 44 52 53 54
53 57 24 38 45 52 53 55
54 58 25 39 46 52 54 55
55 59 26 40 47 53 54 55
56 64 0 56 57 58 60 63 70 83
57 65 1 56 57 59 61 64 71 84
58 66 2 56 58 59 62 65 72 85
59 67 3 57 58 59 66 73
60 68 4 56 60 61 62 67 74 86
61 69 5 57 60 61 68 75 87
62 70 6 58 60 62 69 76 88
63 72 8 56 63 64 65 67 77 89
64 73 9 57 63 64 66 68 78 90
65 74 10 58 63 65 66 69 79 91
66 75 11 59 64 65 66 80
67 76 12 60 63 67 68 69 81 92
68 77 13 61 64 67 68 82 93
69 78 14 62 65 67 69 94
70 80 15 56 70 71 72 74 77 95
71 81 16 57 70 71 73 75 78
72 82 17 58 70 72 73 76 79 96
73 83 18 59 71 72 73 80
74 84 19 60 70 74 75 76 81 97
75 85 20 61 71 74 75 82
76 86 21 62 72 74 76 98
77 88 23 63 70 77 78 79 81
78 89 24 64 71 77 78 80 82
79 90 25 65 72 77 79 80
80 91 26 66 73 78 79 80
81 92 27 67 74 77 81 82
82 93 28 68 75 78 81 82
83 96 29 56 83 84 85 86 89 95
84 97 30 57 83 84 87 90
85 98 31 58 83 85 88 91 96
86 100 33 60 83 86 87 88 92 97
87 101 34 61 84 86 87 93
88 102 35 62 85 86 88 94 98
89 104 37 63 83 89 90 91 92
90 105 38 64 84 89 90 93
91 106 39 65 85 89 91 94
92 108 41 67 86 89 92 93 94
93 109 42 68 87 90 92 93
94 110 43 69 88 91 92 94
95 112 44 70 83 95 96 97
96 114 46 72 85 95 96 98
97 116 48 74 86 95 97 98
98 118 50 76 88 96 97 98
