# Lambda_15(1^10) feasible distributions with C <= 2050
# Format: C, a (ball-14), b (ball-15), d (ball-16)
# Total: 1242 combinations

2033,0,1,2032
2034,0,17,2017
2034,1,15,2018
2034,2,13,2019
2034,3,11,2020
2034,4,9,2021
2034,5,7,2022
2034,6,5,2023
2034,7,3,2024
2034,8,1,2025
2035,0,33,2002
2035,1,31,2003
2035,2,29,2004
2035,3,27,2005
2035,4,25,2006
2035,5,23,2007
2035,6,21,2008
2035,7,19,2009
2035,8,17,2010
2035,9,15,2011
2035,10,13,2012
2035,11,11,2013
2035,12,9,2014
2035,13,7,2015
2035,14,5,2016
2035,15,3,2017
2035,16,1,2018
2036,0,49,1987
2036,1,47,1988
2036,2,45,1989
2036,3,43,1990
2036,4,41,1991
2036,5,39,1992
2036,6,37,1993
2036,7,35,1994
2036,8,33,1995
2036,9,31,1996
2036,10,29,1997
2036,11,27,1998
2036,12,25,1999
2036,13,23,2000
2036,14,21,2001
2036,15,19,2002
2036,16,17,2003
2036,17,15,2004
2036,18,13,2005
2036,19,11,2006
2036,20,9,2007
2036,21,7,2008
2036,22,5,2009
2036,23,3,2010
2036,24,1,2011
2037,0,65,1972
2037,1,63,1973
2037,2,61,1974
2037,3,59,1975
2037,4,57,1976
2037,5,55,1977
2037,6,53,1978
2037,7,51,1979
2037,8,49,1980
2037,9,47,1981
2037,10,45,1982
2037,11,43,1983
2037,12,41,1984
2037,13,39,1985
2037,14,37,1986
2037,15,35,1987
2037,16,33,1988
2037,17,31,1989
2037,18,29,1990
2037,19,27,1991
2037,20,25,1992
2037,21,23,1993
2037,22,21,1994
2037,23,19,1995
2037,24,17,1996
2037,25,15,1997
2037,26,13,1998
2037,27,11,1999
2037,28,9,2000
2037,29,7,2001
2037,30,5,2002
2037,31,3,2003
2037,32,1,2004
2038,0,81,1957
2038,1,79,1958
2038,2,77,1959
2038,3,75,1960
2038,4,73,1961
2038,5,71,1962
2038,6,69,1963
2038,7,67,1964
2038,8,65,1965
2038,9,63,1966
2038,10,61,1967
2038,11,59,1968
2038,12,57,1969
2038,13,55,1970
2038,14,53,1971
2038,15,51,1972
2038,16,49,1973
2038,17,47,1974
2038,18,45,1975
2038,19,43,1976
2038,20,41,1977
2038,21,39,1978
2038,22,37,1979
2038,23,35,1980
2038,24,33,1981
2038,25,31,1982
2038,26,29,1983
2038,27,27,1984
2038,28,25,1985
2038,29,23,1986
2038,30,21,1987
2038,31,19,1988
2038,32,17,1989
2038,33,15,1990
2038,34,13,1991
2038,35,11,1992
2038,36,9,1993
2038,37,7,1994
2038,38,5,1995
2038,39,3,1996
2038,40,1,1997
2039,0,97,1942
2039,1,95,1943
2039,2,93,1944
2039,3,91,1945
2039,4,89,1946
2039,5,87,1947
2039,6,85,1948
2039,7,83,1949
2039,8,81,1950
2039,9,79,1951
2039,10,77,1952
2039,11,75,1953
2039,12,73,1954
2039,13,71,1955
2039,14,69,1956
2039,15,67,1957
2039,16,65,1958
2039,17,63,1959
2039,18,61,1960
2039,19,59,1961
2039,20,57,1962
2039,21,55,1963
2039,22,53,1964
2039,23,51,1965
2039,24,49,1966
2039,25,47,1967
2039,26,45,1968
2039,27,43,1969
2039,28,41,1970
2039,29,39,1971
2039,30,37,1972
2039,31,35,1973
2039,32,33,1974
2039,33,31,1975
2039,34,29,1976
2039,35,27,1977
2039,36,25,1978
2039,37,23,1979
2039,38,21,1980
2039,39,19,1981
2039,40,17,1982
2039,41,15,1983
2039,42,13,1984
2039,43,11,1985
2039,44,9,1986
2039,45,7,1987
2039,46,5,1988
2039,47,3,1989
2039,48,1,1990
2040,0,113,1927
2040,1,111,1928
2040,2,109,1929
2040,3,107,1930
2040,4,105,1931
2040,5,103,1932
2040,6,101,1933
2040,7,99,1934
2040,8,97,1935
2040,9,95,1936
2040,10,93,1937
2040,11,91,1938
2040,12,89,1939
2040,13,87,1940
2040,14,85,1941
2040,15,83,1942
2040,16,81,1943
2040,17,79,1944
2040,18,77,1945
2040,19,75,1946
2040,20,73,1947
2040,21,71,1948
2040,22,69,1949
2040,23,67,1950
2040,24,65,1951
2040,25,63,1952
2040,26,61,1953
2040,27,59,1954
2040,28,57,1955
2040,29,55,1956
2040,30,53,1957
2040,31,51,1958
2040,32,49,1959
2040,33,47,1960
2040,34,45,1961
2040,35,43,1962
2040,36,41,1963
2040,37,39,1964
2040,38,37,1965
2040,39,35,1966
2040,40,33,1967
2040,41,31,1968
2040,42,29,1969
2040,43,27,1970
2040,44,25,1971
2040,45,23,1972
2040,46,21,1973
2040,47,19,1974
2040,48,17,1975
2040,49,15,1976
2040,50,13,1977
2040,51,11,1978
2040,52,9,1979
2040,53,7,1980
2040,54,5,1981
2040,55,3,1982
2040,56,1,1983
2041,0,129,1912
2041,1,127,1913
2041,2,125,1914
2041,3,123,1915
2041,4,121,1916
2041,5,119,1917
2041,6,117,1918
2041,7,115,1919
2041,8,113,1920
2041,9,111,1921
2041,10,109,1922
2041,11,107,1923
2041,12,105,1924
2041,13,103,1925
2041,14,101,1926
2041,15,99,1927
2041,16,97,1928
2041,17,95,1929
2041,18,93,1930
2041,19,91,1931
2041,20,89,1932
2041,21,87,1933
2041,22,85,1934
2041,23,83,1935
2041,24,81,1936
2041,25,79,1937
2041,26,77,1938
2041,27,75,1939
2041,28,73,1940
2041,29,71,1941
2041,30,69,1942
2041,31,67,1943
2041,32,65,1944
2041,33,63,1945
2041,34,61,1946
2041,35,59,1947
2041,36,57,1948
2041,37,55,1949
2041,38,53,1950
2041,39,51,1951
2041,40,49,1952
2041,41,47,1953
2041,42,45,1954
2041,43,43,1955
2041,44,41,1956
2041,45,39,1957
2041,46,37,1958
2041,47,35,1959
2041,48,33,1960
2041,49,31,1961
2041,50,29,1962
2041,51,27,1963
2041,52,25,1964
2041,53,23,1965
2041,54,21,1966
2041,55,19,1967
2041,56,17,1968
2041,57,15,1969
2041,58,13,1970
2041,59,11,1971
2041,60,9,1972
2041,61,7,1973
2041,62,5,1974
2041,63,3,1975
2041,64,1,1976
2042,0,145,1897
2042,1,143,1898
2042,2,141,1899
2042,3,139,1900
2042,4,137,1901
2042,5,135,1902
2042,6,133,1903
2042,7,131,1904
2042,8,129,1905
2042,9,127,1906
2042,10,125,1907
2042,11,123,1908
2042,12,121,1909
2042,13,119,1910
2042,14,117,1911
2042,15,115,1912
2042,16,113,1913
2042,17,111,1914
2042,18,109,1915
2042,19,107,1916
2042,20,105,1917
2042,21,103,1918
2042,22,101,1919
2042,23,99,1920
2042,24,97,1921
2042,25,95,1922
2042,26,93,1923
2042,27,91,1924
2042,28,89,1925
2042,29,87,1926
2042,30,85,1927
2042,31,83,1928
2042,32,81,1929
2042,33,79,1930
2042,34,77,1931
2042,35,75,1932
2042,36,73,1933
2042,37,71,1934
2042,38,69,1935
2042,39,67,1936
2042,40,65,1937
2042,41,63,1938
2042,42,61,1939
2042,43,59,1940
2042,44,57,1941
2042,45,55,1942
2042,46,53,1943
2042,47,51,1944
2042,48,49,1945
2042,49,47,1946
2042,50,45,1947
2042,51,43,1948
2042,52,41,1949
2042,53,39,1950
2042,54,37,1951
2042,55,35,1952
2042,56,33,1953
2042,57,31,1954
2042,58,29,1955
2042,59,27,1956
2042,60,25,1957
2042,61,23,1958
2042,62,21,1959
2042,63,19,1960
2042,64,17,1961
2042,65,15,1962
2042,66,13,1963
2042,67,11,1964
2042,68,9,1965
2042,69,7,1966
2042,70,5,1967
2042,71,3,1968
2042,72,1,1969
2043,0,161,1882
2043,1,159,1883
2043,2,157,1884
2043,3,155,1885
2043,4,153,1886
2043,5,151,1887
2043,6,149,1888
2043,7,147,1889
2043,8,145,1890
2043,9,143,1891
2043,10,141,1892
2043,11,139,1893
2043,12,137,1894
2043,13,135,1895
2043,14,133,1896
2043,15,131,1897
2043,16,129,1898
2043,17,127,1899
2043,18,125,1900
2043,19,123,1901
2043,20,121,1902
2043,21,119,1903
2043,22,117,1904
2043,23,115,1905
2043,24,113,1906
2043,25,111,1907
2043,26,109,1908
2043,27,107,1909
2043,28,105,1910
2043,29,103,1911
2043,30,101,1912
2043,31,99,1913
2043,32,97,1914
2043,33,95,1915
2043,34,93,1916
2043,35,91,1917
2043,36,89,1918
2043,37,87,1919
2043,38,85,1920
2043,39,83,1921
2043,40,81,1922
2043,41,79,1923
2043,42,77,1924
2043,43,75,1925
2043,44,73,1926
2043,45,71,1927
2043,46,69,1928
2043,47,67,1929
2043,48,65,1930
2043,49,63,1931
2043,50,61,1932
2043,51,59,1933
2043,52,57,1934
2043,53,55,1935
2043,54,53,1936
2043,55,51,1937
2043,56,49,1938
2043,57,47,1939
2043,58,45,1940
2043,59,43,1941
2043,60,41,1942
2043,61,39,1943
2043,62,37,1944
2043,63,35,1945
2043,64,33,1946
2043,65,31,1947
2043,66,29,1948
2043,67,27,1949
2043,68,25,1950
2043,69,23,1951
2043,70,21,1952
2043,71,19,1953
2043,72,17,1954
2043,73,15,1955
2043,74,13,1956
2043,75,11,1957
2043,76,9,1958
2043,77,7,1959
2043,78,5,1960
2043,79,3,1961
2043,80,1,1962
2044,0,177,1867
2044,1,175,1868
2044,2,173,1869
2044,3,171,1870
2044,4,169,1871
2044,5,167,1872
2044,6,165,1873
2044,7,163,1874
2044,8,161,1875
2044,9,159,1876
2044,10,157,1877
2044,11,155,1878
2044,12,153,1879
2044,13,151,1880
2044,14,149,1881
2044,15,147,1882
2044,16,145,1883
2044,17,143,1884
2044,18,141,1885
2044,19,139,1886
2044,20,137,1887
2044,21,135,1888
2044,22,133,1889
2044,23,131,1890
2044,24,129,1891
2044,25,127,1892
2044,26,125,1893
2044,27,123,1894
2044,28,121,1895
2044,29,119,1896
2044,30,117,1897
2044,31,115,1898
2044,32,113,1899
2044,33,111,1900
2044,34,109,1901
2044,35,107,1902
2044,36,105,1903
2044,37,103,1904
2044,38,101,1905
2044,39,99,1906
2044,40,97,1907
2044,41,95,1908
2044,42,93,1909
2044,43,91,1910
2044,44,89,1911
2044,45,87,1912
2044,46,85,1913
2044,47,83,1914
2044,48,81,1915
2044,49,79,1916
2044,50,77,1917
2044,51,75,1918
2044,52,73,1919
2044,53,71,1920
2044,54,69,1921
2044,55,67,1922
2044,56,65,1923
2044,57,63,1924
2044,58,61,1925
2044,59,59,1926
2044,60,57,1927
2044,61,55,1928
2044,62,53,1929
2044,63,51,1930
2044,64,49,1931
2044,65,47,1932
2044,66,45,1933
2044,67,43,1934
2044,68,41,1935
2044,69,39,1936
2044,70,37,1937
2044,71,35,1938
2044,72,33,1939
2044,73,31,1940
2044,74,29,1941
2044,75,27,1942
2044,76,25,1943
2044,77,23,1944
2044,78,21,1945
2044,79,19,1946
2044,80,17,1947
2044,81,15,1948
2044,82,13,1949
2044,83,11,1950
2044,84,9,1951
2044,85,7,1952
2044,86,5,1953
2044,87,3,1954
2044,88,1,1955
2045,0,193,1852
2045,1,191,1853
2045,2,189,1854
2045,3,187,1855
2045,4,185,1856
2045,5,183,1857
2045,6,181,1858
2045,7,179,1859
2045,8,177,1860
2045,9,175,1861
2045,10,173,1862
2045,11,171,1863
2045,12,169,1864
2045,13,167,1865
2045,14,165,1866
2045,15,163,1867
2045,16,161,1868
2045,17,159,1869
2045,18,157,1870
2045,19,155,1871
2045,20,153,1872
2045,21,151,1873
2045,22,149,1874
2045,23,147,1875
2045,24,145,1876
2045,25,143,1877
2045,26,141,1878
2045,27,139,1879
2045,28,137,1880
2045,29,135,1881
2045,30,133,1882
2045,31,131,1883
2045,32,129,1884
2045,33,127,1885
2045,34,125,1886
2045,35,123,1887
2045,36,121,1888
2045,37,119,1889
2045,38,117,1890
2045,39,115,1891
2045,40,113,1892
2045,41,111,1893
2045,42,109,1894
2045,43,107,1895
2045,44,105,1896
2045,45,103,1897
2045,46,101,1898
2045,47,99,1899
2045,48,97,1900
2045,49,95,1901
2045,50,93,1902
2045,51,91,1903
2045,52,89,1904
2045,53,87,1905
2045,54,85,1906
2045,55,83,1907
2045,56,81,1908
2045,57,79,1909
2045,58,77,1910
2045,59,75,1911
2045,60,73,1912
2045,61,71,1913
2045,62,69,1914
2045,63,67,1915
2045,64,65,1916
2045,65,63,1917
2045,66,61,1918
2045,67,59,1919
2045,68,57,1920
2045,69,55,1921
2045,70,53,1922
2045,71,51,1923
2045,72,49,1924
2045,73,47,1925
2045,74,45,1926
2045,75,43,1927
2045,76,41,1928
2045,77,39,1929
2045,78,37,1930
2045,79,35,1931
2045,80,33,1932
2045,81,31,1933
2045,82,29,1934
2045,83,27,1935
2045,84,25,1936
2045,85,23,1937
2045,86,21,1938
2045,87,19,1939
2045,88,17,1940
2045,89,15,1941
2045,90,13,1942
2045,91,11,1943
2045,92,9,1944
2045,93,7,1945
2045,94,5,1946
2045,95,3,1947
2045,96,1,1948
2046,0,209,1837
2046,1,207,1838
2046,2,205,1839
2046,3,203,1840
2046,4,201,1841
2046,5,199,1842
2046,6,197,1843
2046,7,195,1844
2046,8,193,1845
2046,9,191,1846
2046,10,189,1847
2046,11,187,1848
2046,12,185,1849
2046,13,183,1850
2046,14,181,1851
2046,15,179,1852
2046,16,177,1853
2046,17,175,1854
2046,18,173,1855
2046,19,171,1856
2046,20,169,1857
2046,21,167,1858
2046,22,165,1859
2046,23,163,1860
2046,24,161,1861
2046,25,159,1862
2046,26,157,1863
2046,27,155,1864
2046,28,153,1865
2046,29,151,1866
2046,30,149,1867
2046,31,147,1868
2046,32,145,1869
2046,33,143,1870
2046,34,141,1871
2046,35,139,1872
2046,36,137,1873
2046,37,135,1874
2046,38,133,1875
2046,39,131,1876
2046,40,129,1877
2046,41,127,1878
2046,42,125,1879
2046,43,123,1880
2046,44,121,1881
2046,45,119,1882
2046,46,117,1883
2046,47,115,1884
2046,48,113,1885
2046,49,111,1886
2046,50,109,1887
2046,51,107,1888
2046,52,105,1889
2046,53,103,1890
2046,54,101,1891
2046,55,99,1892
2046,56,97,1893
2046,57,95,1894
2046,58,93,1895
2046,59,91,1896
2046,60,89,1897
2046,61,87,1898
2046,62,85,1899
2046,63,83,1900
2046,64,81,1901
2046,65,79,1902
2046,66,77,1903
2046,67,75,1904
2046,68,73,1905
2046,69,71,1906
2046,70,69,1907
2046,71,67,1908
2046,72,65,1909
2046,73,63,1910
2046,74,61,1911
2046,75,59,1912
2046,76,57,1913
2046,77,55,1914
2046,78,53,1915
2046,79,51,1916
2046,80,49,1917
2046,81,47,1918
2046,82,45,1919
2046,83,43,1920
2046,84,41,1921
2046,85,39,1922
2046,86,37,1923
2046,87,35,1924
2046,88,33,1925
2046,89,31,1926
2046,90,29,1927
2046,91,27,1928
2046,92,25,1929
2046,93,23,1930
2046,94,21,1931
2046,95,19,1932
2046,96,17,1933
2046,97,15,1934
2046,98,13,1935
2046,99,11,1936
2046,100,9,1937
2046,101,7,1938
2046,102,5,1939
2046,103,3,1940
2046,104,1,1941
2047,0,225,1822
2047,1,223,1823
2047,2,221,1824
2047,3,219,1825
2047,4,217,1826
2047,5,215,1827
2047,6,213,1828
2047,7,211,1829
2047,8,209,1830
2047,9,207,1831
2047,10,205,1832
2047,11,203,1833
2047,12,201,1834
2047,13,199,1835
2047,14,197,1836
2047,15,195,1837
2047,16,193,1838
2047,17,191,1839
2047,18,189,1840
2047,19,187,1841
2047,20,185,1842
2047,21,183,1843
2047,22,181,1844
2047,23,179,1845
2047,24,177,1846
2047,25,175,1847
2047,26,173,1848
2047,27,171,1849
2047,28,169,1850
2047,29,167,1851
2047,30,165,1852
2047,31,163,1853
2047,32,161,1854
2047,33,159,1855
2047,34,157,1856
2047,35,155,1857
2047,36,153,1858
2047,37,151,1859
2047,38,149,1860
2047,39,147,1861
2047,40,145,1862
2047,41,143,1863
2047,42,141,1864
2047,43,139,1865
2047,44,137,1866
2047,45,135,1867
2047,46,133,1868
2047,47,131,1869
2047,48,129,1870
2047,49,127,1871
2047,50,125,1872
2047,51,123,1873
2047,52,121,1874
2047,53,119,1875
2047,54,117,1876
2047,55,115,1877
2047,56,113,1878
2047,57,111,1879
2047,58,109,1880
2047,59,107,1881
2047,60,105,1882
2047,61,103,1883
2047,62,101,1884
2047,63,99,1885
2047,64,97,1886
2047,65,95,1887
2047,66,93,1888
2047,67,91,1889
2047,68,89,1890
2047,69,87,1891
2047,70,85,1892
2047,71,83,1893
2047,72,81,1894
2047,73,79,1895
2047,74,77,1896
2047,75,75,1897
2047,76,73,1898
2047,77,71,1899
2047,78,69,1900
2047,79,67,1901
2047,80,65,1902
2047,81,63,1903
2047,82,61,1904
2047,83,59,1905
2047,84,57,1906
2047,85,55,1907
2047,86,53,1908
2047,87,51,1909
2047,88,49,1910
2047,89,47,1911
2047,90,45,1912
2047,91,43,1913
2047,92,41,1914
2047,93,39,1915
2047,94,37,1916
2047,95,35,1917
2047,96,33,1918
2047,97,31,1919
2047,98,29,1920
2047,99,27,1921
2047,100,25,1922
2047,101,23,1923
2047,102,21,1924
2047,103,19,1925
2047,104,17,1926
2047,105,15,1927
2047,106,13,1928
2047,107,11,1929
2047,108,9,1930
2047,109,7,1931
2047,110,5,1932
2047,111,3,1933
2047,112,1,1934
2048,0,241,1807
2048,1,239,1808
2048,2,237,1809
2048,3,235,1810
2048,4,233,1811
2048,5,231,1812
2048,6,229,1813
2048,7,227,1814
2048,8,225,1815
2048,9,223,1816
2048,10,221,1817
2048,11,219,1818
2048,12,217,1819
2048,13,215,1820
2048,14,213,1821
2048,15,211,1822
2048,16,209,1823
2048,17,207,1824
2048,18,205,1825
2048,19,203,1826
2048,20,201,1827
2048,21,199,1828
2048,22,197,1829
2048,23,195,1830
2048,24,193,1831
2048,25,191,1832
2048,26,189,1833
2048,27,187,1834
2048,28,185,1835
2048,29,183,1836
2048,30,181,1837
2048,31,179,1838
2048,32,177,1839
2048,33,175,1840
2048,34,173,1841
2048,35,171,1842
2048,36,169,1843
2048,37,167,1844
2048,38,165,1845
2048,39,163,1846
2048,40,161,1847
2048,41,159,1848
2048,42,157,1849
2048,43,155,1850
2048,44,153,1851
2048,45,151,1852
2048,46,149,1853
2048,47,147,1854
2048,48,145,1855
2048,49,143,1856
2048,50,141,1857
2048,51,139,1858
2048,52,137,1859
2048,53,135,1860
2048,54,133,1861
2048,55,131,1862
2048,56,129,1863
2048,57,127,1864
2048,58,125,1865
2048,59,123,1866
2048,60,121,1867
2048,61,119,1868
2048,62,117,1869
2048,63,115,1870
2048,64,113,1871
2048,65,111,1872
2048,66,109,1873
2048,67,107,1874
2048,68,105,1875
2048,69,103,1876
2048,70,101,1877
2048,71,99,1878
2048,72,97,1879
2048,73,95,1880
2048,74,93,1881
2048,75,91,1882
2048,76,89,1883
2048,77,87,1884
2048,78,85,1885
2048,79,83,1886
2048,80,81,1887
2048,81,79,1888
2048,82,77,1889
2048,83,75,1890
2048,84,73,1891
2048,85,71,1892
2048,86,69,1893
2048,87,67,1894
2048,88,65,1895
2048,89,63,1896
2048,90,61,1897
2048,91,59,1898
2048,92,57,1899
2048,93,55,1900
2048,94,53,1901
2048,95,51,1902
2048,96,49,1903
2048,97,47,1904
2048,98,45,1905
2048,99,43,1906
2048,100,41,1907
2048,101,39,1908
2048,102,37,1909
2048,103,35,1910
2048,104,33,1911
2048,105,31,1912
2048,106,29,1913
2048,107,27,1914
2048,108,25,1915
2048,109,23,1916
2048,110,21,1917
2048,111,19,1918
2048,112,17,1919
2048,113,15,1920
2048,114,13,1921
2048,115,11,1922
2048,116,9,1923
2048,117,7,1924
2048,118,5,1925
2048,119,3,1926
2048,120,1,1927
2049,0,257,1792
2049,1,255,1793
2049,2,253,1794
2049,3,251,1795
2049,4,249,1796
2049,5,247,1797
2049,6,245,1798
2049,7,243,1799
2049,8,241,1800
2049,9,239,1801
2049,10,237,1802
2049,11,235,1803
2049,12,233,1804
2049,13,231,1805
2049,14,229,1806
2049,15,227,1807
2049,16,225,1808
2049,17,223,1809
2049,18,221,1810
2049,19,219,1811
2049,20,217,1812
2049,21,215,1813
2049,22,213,1814
2049,23,211,1815
2049,24,209,1816
2049,25,207,1817
2049,26,205,1818
2049,27,203,1819
2049,28,201,1820
2049,29,199,1821
2049,30,197,1822
2049,31,195,1823
2049,32,193,1824
2049,33,191,1825
2049,34,189,1826
2049,35,187,1827
2049,36,185,1828
2049,37,183,1829
2049,38,181,1830
2049,39,179,1831
2049,40,177,1832
2049,41,175,1833
2049,42,173,1834
2049,43,171,1835
2049,44,169,1836
2049,45,167,1837
2049,46,165,1838
2049,47,163,1839
2049,48,161,1840
2049,49,159,1841
2049,50,157,1842
2049,51,155,1843
2049,52,153,1844
2049,53,151,1845
2049,54,149,1846
2049,55,147,1847
2049,56,145,1848
2049,57,143,1849
2049,58,141,1850
2049,59,139,1851
2049,60,137,1852
2049,61,135,1853
2049,62,133,1854
2049,63,131,1855
2049,64,129,1856
2049,65,127,1857
2049,66,125,1858
2049,67,123,1859
2049,68,121,1860
2049,69,119,1861
2049,70,117,1862
2049,71,115,1863
2049,72,113,1864
2049,73,111,1865
2049,74,109,1866
2049,75,107,1867
2049,76,105,1868
2049,77,103,1869
2049,78,101,1870
2049,79,99,1871
2049,80,97,1872
2049,81,95,1873
2049,82,93,1874
2049,83,91,1875
2049,84,89,1876
2049,85,87,1877
2049,86,85,1878
2049,87,83,1879
2049,88,81,1880
2049,89,79,1881
2049,90,77,1882
2049,91,75,1883
2049,92,73,1884
2049,93,71,1885
2049,94,69,1886
2049,95,67,1887
2049,96,65,1888
2049,97,63,1889
2049,98,61,1890
2049,99,59,1891
2049,100,57,1892
2049,101,55,1893
2049,102,53,1894
2049,103,51,1895
2049,104,49,1896
2049,105,47,1897
2049,106,45,1898
2049,107,43,1899
2049,108,41,1900
2049,109,39,1901
2049,110,37,1902
2049,111,35,1903
2049,112,33,1904
2049,113,31,1905
2049,114,29,1906
2049,115,27,1907
2049,116,25,1908
2049,117,23,1909
2049,118,21,1910
2049,119,19,1911
2049,120,17,1912
2049,121,15,1913
2049,122,13,1914
2049,123,11,1915
2049,124,9,1916
2049,125,7,1917
2049,126,5,1918
2049,127,3,1919
2049,128,1,1920
2050,0,273,1777
2050,1,271,1778
2050,2,269,1779
2050,3,267,1780
2050,4,265,1781
2050,5,263,1782
2050,6,261,1783
2050,7,259,1784
2050,8,257,1785
2050,9,255,1786
2050,10,253,1787
2050,11,251,1788
2050,12,249,1789
2050,13,247,1790
2050,14,245,1791
2050,15,243,1792
2050,16,241,1793
2050,17,239,1794
2050,18,237,1795
2050,19,235,1796
2050,20,233,1797
2050,21,231,1798
2050,22,229,1799
2050,23,227,1800
2050,24,225,1801
2050,25,223,1802
2050,26,221,1803
2050,27,219,1804
2050,28,217,1805
2050,29,215,1806
2050,30,213,1807
2050,31,211,1808
2050,32,209,1809
2050,33,207,1810
2050,34,205,1811
2050,35,203,1812
2050,36,201,1813
2050,37,199,1814
2050,38,197,1815
2050,39,195,1816
2050,40,193,1817
2050,41,191,1818
2050,42,189,1819
2050,43,187,1820
2050,44,185,1821
2050,45,183,1822
2050,46,181,1823
2050,47,179,1824
2050,48,177,1825
2050,49,175,1826
2050,50,173,1827
2050,51,171,1828
2050,52,169,1829
2050,53,167,1830
2050,54,165,1831
2050,55,163,1832
2050,56,161,1833
2050,57,159,1834
2050,58,157,1835
2050,59,155,1836
2050,60,153,1837
2050,61,151,1838
2050,62,149,1839
2050,63,147,1840
2050,64,145,1841
2050,65,143,1842
2050,66,141,1843
2050,67,139,1844
2050,68,137,1845
2050,69,135,1846
2050,70,133,1847
2050,71,131,1848
2050,72,129,1849
2050,73,127,1850
2050,74,125,1851
2050,75,123,1852
2050,76,121,1853
2050,77,119,1854
2050,78,117,1855
2050,79,115,1856
2050,80,113,1857
2050,81,111,1858
2050,82,109,1859
2050,83,107,1860
2050,84,105,1861
2050,85,103,1862
2050,86,101,1863
2050,87,99,1864
2050,88,97,1865
2050,89,95,1866
2050,90,93,1867
2050,91,91,1868
2050,92,89,1869
2050,93,87,1870
2050,94,85,1871
2050,95,83,1872
2050,96,81,1873
2050,97,79,1874
2050,98,77,1875
2050,99,75,1876
2050,100,73,1877
2050,101,71,1878
2050,102,69,1879
2050,103,67,1880
2050,104,65,1881
2050,105,63,1882
2050,106,61,1883
2050,107,59,1884
2050,108,57,1885
2050,109,55,1886
2050,110,53,1887
2050,111,51,1888
2050,112,49,1889
2050,113,47,1890
2050,114,45,1891
2050,115,43,1892
2050,116,41,1893
2050,117,39,1894
2050,118,37,1895
2050,119,35,1896
2050,120,33,1897
2050,121,31,1898
2050,122,29,1899
2050,123,27,1900
2050,124,25,1901
2050,125,23,1902
2050,126,21,1903
2050,127,19,1904
2050,128,17,1905
2050,129,15,1906
2050,130,13,1907
2050,131,11,1908
2050,132,9,1909
2050,133,7,1910
2050,134,5,1911
2050,135,3,1912
2050,136,1,1913
