1
8
26
31
43
46
52
53
76
77
83
86
98
103
121
128
386
391
409
416
428
429
435
438
459
462
468
469
481
488
506
511
643
646
668
669
681
688
690
695
714
719
721
728
740
741
763
766
772
773
795
798
810
815
817
824
841
848
850
855
867
870
892
893
1155
1156
1178
1181
1193
1198
1200
1207
1224
1231
1233
1238
1250
1253
1275
1276
1282
1285
1307
1308
1320
1327
1329
1334
1353
1358
1360
1367
1379
1380
1402
1405
1537
1542
1560
1567
1579
1580
1586
1589
1610
1613
1619
1620
1632
1639
1657
1662
1920
1927
1945
1950
1962
1965
1971
1972
1995
1996
2002
2005
2017
2022
2040
2182
2189
2191
2196
2208
2211
2233
2234
2241
2242
2264
2267
2279
2284
2286
2293
2311
2316
2318
2325
2337
2338
2360
2363
2368
2371
2393
2394
2406
2413
2415
2420
2568
2571
2577
2578
2590
2597
2615
2620
2623
2628
2646
2653
2665
2666
2672
2675
2953
2954
2960
2963
2975
2980
2998
3006
3013
3031
3036
3048
3051
3057
3058
3080
3081
3087
3090
3102
3107
3125
3132
3133
3140
3158
3163
3175
3178
3184
3185
3463
3466
3472
3473
3485
3492
3510
3515
3518
3523
3541
3548
3560
3561
3567
3570
3718
3723
3725
3732
3744
3745
3767
3770
3775
3778
3800
3801
3813
3820
3822
3827
3845
3852
3854
3859
3871
3874
3896
3897
3904
3905
3927
3930
3942
3947
3949
3956
4226
4231
4233
4240
4252
4253
4275
4278
4283
4286
4308
4309
4321
4328
4330
4335
4353
4360
4362
4367
4379
4382
4404
4405
4412
4413
4435
4438
4450
4455
4457
4464
4612
4613
4619
4622
4634
4639
4657
4664
4665
4672
4690
4695
4707
4710
4716
4717
4995
4998
5004
5005
5017
5024
5042
5047
5050
5055
5073
5092
5093
5099
5102
5122
5125
5131
5132
5144
5151
5169
5174
5177
5182
5200
5207
5219
5220
5226
5229
5507
5508
5514
5517
5529
5534
5552
5559
5560
5567
5585
5590
5602
5605
5611
5612
5760
5767
5769
5774
5786
5789
5811
5812
5819
5820
5842
5845
5857
5862
5864
5871
5889
5894
5896
5903
5915
5916
5938
5941
5946
5949
5971
5972
5984
5991
5993
5998
6135
6140
6158
6165
6177
6178
6184
6187
6208
6211
6217
6218
6230
6237
6255
6260
6518
6525
6543
6548
6560
6563
6569
6570
6593
6594
6600
6603
6615
6620
6638
6777
6778
6800
6803
6815
6820
6822
6829
6846
6853
6855
6860
6872
6875
6897
6898
6904
6907
6929
6930
6942
6949
6951
6956
6975
6980
6982
6989
7001
7002
7024
7027
7287
7290
7312
7313
7325
7332
7334
7339
7358
7363
7365
7372
7384
7385
7407
7410
7416
7417
7439
7442
7454
7459
7461
7468
7485
7492
7494
7499
7511
7514
7536
7537
7669
7676
7694
7699
7711
7714
7720
7721
7744
7745
7751
7754
7766
7771
7789
7796
8054
8059
8077
8084
8096
8097
8103
8106
8127
8130
8136
8137
8149
8156
8311
8314
8320
8321
8333
8340
8358
8363
8366
8371
8389
8396
8408
8409
8415
8418
8440
8441
8447
8450
8462
8467
8485
8492
8493
8500
8518
8523
8535
8538
8544
8545
8693
8700
8702
8707
8719
8722
8744
8745
8752
8753
8775
8778
8790
8795
8797
8804
9078
9083
9085
9092
9104
9105
9127
9130
9135
9138
9160
9161
9173
9182
9187
9205
9210
9212
9219
9231
9232
9254
9257
9262
9265
9287
9288
9300
9307
9309
9314
9588
9595
9597
9602
9614
9617
9639
9640
9647
9648
9670
9673
9685
9690
9692
9699
9847
9848
9854
9857
9869
9874
9892
9899
9900
9907
9925
9930
9942
9945
9951
9952
9974
9977
9983
9984
9996
10003
10021
10026
10029
10034
10052
10059
10071
10072
10078
10081
10220
10223
10245
10246
10258
10265
10267
10272
10291
10296
10298
10305
10317
10318
10340
10343
10605
10606
10628
10631
10643
10648
10650
10657
10674
10681
10683
10688
10700
10703
10725
10726
10858
10865
10883
10888
10900
10903
10909
10910
10933
10934
10940
10943
10955
10960
10978
10987
10992
11010
11017
11029
11030
11036
11039
11060
11063
11069
11070
11082
11089
11107
11112
11370
11375
11393
11400
11412
11413
11419
11422
11443
11446
11452
11453
11465
11472
11490
11495
11497
11504
11522
11527
11539
11542
11548
11549
11572
11573
11579
11582
11594
11599
11617
11624
11756
11757
11779
11782
11794
11799
11801
11808
11825
11832
11834
11839
11851
11854
11876
11877
12139
12142
12164
12165
12177
12184
12186
12191
12210
12215
12217
12224
12236
12237
12264
12265
12287
12290
12302
12307
12309
12316
12333
12340
12342
12347
12359
12362
12384
12385
12647
12650
12672
12673
12685
12692
12694
12699
12718
12723
12725
12732
12744
12745
12767
12770
12902
12907
12925
12932
12944
12945
12951
12954
12975
12978
12984
12985
12997
13004
13022
13027
13029
13036
13054
13059
13071
13074
13080
13081
13104
13105
13111
13114
13126
13131
13149
13412
13419
13437
13442
13454
13457
13463
13464
13487
13488
13494
13497
13509
13514
13532
13541
13546
13564
13571
13583
13584
13590
13593
13614
13617
13623
13624
13636
13643
13661
13666
13798
13801
13823
13824
13836
13843
13845
13850
13869
13874
13876
13883
13895
13896
13918
13921
14183
14184
14206
14209
14221
14226
14228
14235
14252
14259
14261
14266
14278
14281
14445
14446
14452
14455
14467
14472
14490
14498
14505
14523
14528
14540
14543
14549
14550
14572
14575
14581
14582
14594
14601
14619
14624
14627
14632
14650
14657
14669
14670
14676
14679
14827
14832
14834
14841
14853
14854
14876
14879
14884
14887
14909
14910
14922
14929
14931
14936
15210
15217
15219
15224
15236
15239
15261
15262
15269
15270
15292
15295
15307
15312
15337
15344
15346
15351
15363
15366
15388
15389
15396
15397
15419
15422
15434
15439
15441
15448
15722
15727
15729
15736
15748
15749
15771
15774
15779
15782
15804
15805
15817
15824
15979
15982
15988
15989
16001
16008
16026
16031
16034
16039
16057
16076
16077
16108
16109
16115
16118
16130
16135
16153
16161
16186
16191
16203
16206
16476
16477
16483
16486
16498
16503
16521
16528
16529
16536
16554
16559
16571
16574
16580
16581
16603
16606
16612
16613
16625
16632
16650
16655
16658
16663
16681
16688
16700
16701
16707
16710
16857
16862
16864
16871
16883
16884
16906
16909
16914
16917
16939
16940
16952
16959
16961
16966
17240
17247
17249
17254
17266
17269
17291
17292
17299
17300
17322
17325
17337
17342
17344
17367
17374
17376
17381
17393
17396
17418
17419
17426
17427
17449
17452
17464
17469
17471
17478
17752
17757
17759
17766
17778
17779
17801
17804
17809
17812
17834
17835
17847
17856
17861
18008
18011
18017
18018
18030
18037
18055
18060
18063
18068
18086
18093
18105
18106
18112
18115
18137
18138
18144
18147
18159
18164
18182
18189
18190
18197
18215
18220
18232
18235
18241
18242
18383
18384
18406
18409
18421
18426
18428
18435
18452
18459
18461
18466
18478
18481
18503
18504
18766
18769
18791
18792
18804
18811
18813
18818
18837
18842
18844
18851
18863
18864
18886
19020
19025
19043
19050
19062
19063
19069
19072
19093
19096
19102
19103
19115
19122
19140
19145
19147
19154
19172
19177
19189
19192
19198
19199
19222
19223
19229
19232
19244
19249
19267
19530
19537
19555
19560
19572
19575
19581
19582
19605
19606
19612
19615
19627
19632
19650
19659
19664
19682
19689
19701
19702
19708
19711
19732
19735
19741
19742
19754
19761
19779
19784
19915
19918
19940
19941
19953
19960
19962
19967
19986
19991
19993
20000
20012
20013
20035
20038
20300
20301
20323
20326
20338
20343
20345
20352
20369
20376
20378
20383
20395
20398
20423
20426
20448
20449
20461
20468
20470
20475
20494
20499
20501
20508
20520
20521
20543
20546
20808
20809
20831
20834
20846
20851
20853
20860
20877
20884
20886
20891
20903
20906
20929
21060
21067
21085
21090
21102
21105
21111
21112
21135
21136
21142
21145
21157
21162
21180
21189
21194
21212
21219
21231
21232
21238
21241
21262
21265
21271
21272
21284
21291
21309
21314
21572
21577
21595
21602
21614
21615
21621
21624
21645
21648
21654
21655
21667
21674
21692
21697
21699
21706
21724
21729
21741
21744
21750
21751
21774
21775
21781
21784
21796
21801
21819
21957
21958
21980
21983
21995
22000
22002
22009
22026
22033
22035
22040
22052
22055
22077
22078
22340
22343
22365
22366
22378
22385
22387
22392
22411
22416
22418
22425
22437
22438
22602
22605
22611
22612
22624
22631
22649
22654
22657
22662
22680
22687
22699
22700
22706
22709
22731
22732
22738
22741
22753
22758
22776
22784
22791
22809
22814
22826
22829
22835
22836
22983
22990
22992
22997
23009
23012
23034
23035
23042
23043
23065
23068
23080
23085
23087
23094
23368
23373
23375
23382
23394
23395
23417
23420
23425
23428
23450
23451
23463
23472
23477
23495
23500
23502
23509
23521
23522
23544
23547
23552
23555
23577
23578
23590
23597
23599
23604
23878
23885
23887
23892
23904
23907
23929
23930
23937
23938
23960
23963
23975
23980
23982
24136
24137
24143
24146
24158
24163
24181
24189
24196
24214
24219
24231
24234
24240
24241
24263
24266
24272
24273
24285
24310
24315
24318
24323
24341
24360
24361
24367
24370
24502
24507
24525
24532
24544
24545
24551
24554
24575
24578
24584
24585
24597
24604
24622
24627
24884
24891
24909
24914
24926
24929
24935
24936
24959
24960
24966
24969
24981
24986
25004
25142
25143
25165
25168
25180
25185
25187
25194
25211
25218
25220
25225
25237
25240
25263
25268
25271
25293
25294
25306
25313
25315
25320
25339
25344
25346
25353
25365
25366
25388
25391
25651
25654
25676
25677
25689
25696
25698
25703
25722
25727
25729
25736
25748
25749
25771
25779
25780
25802
25805
25817
25822
25824
25831
25848
25855
25857
25862
25874
25877
25899
25900
26031
26038
26056
26061
26073
26076
26082
26083
26106
26107
26113
26116
26128
26133
26151
26415
26420
26438
26445
26457
26458
26464
26467
26488
26491
26497
26498
26510
26517
26535
26677
26682
26684
26691
26703
26704
26726
26729
26734
26737
26759
26760
26772
26781
26786
26803
26810
26812
26817
26829
26832
26854
26855
26862
26863
26885
26888
26900
26905
26907
26914
27061
27062
27068
27071
27083
27088
27106
27114
27121
27139
27144
27156
27159
27165
27166
27443
27446
27452
27453
27465
27472
27490
27495
27498
27503
27521
27540
27541
27547
27550
27570
27573
27579
27580
27592
27599
27617
27622
27625
27630
27648
27667
27668
27674
27677
27954
27955
27961
27964
27976
27981
27999
28007
28014
28032
28037
28049
28052
28058
28059
28206
28215
28220
28232
28235
28257
28258
28265
28266
28288
28291
28303
28308
28310
28334
28339
28341
28360
28361
28383
28386
28391
28394
28416
28417
28429
28438
28443
28712
28719
28721
28726
28738
28741
28763
28764
28771
28772
28794
28797
28809
28814
28816
28840
28845
28847
28854
28866
28867
28889
28892
28897
28900
28922
28923
28935
28944
28949
29095
29098
29104
29105
29117
29124
29142
29147
29150
29155
29173
29192
29193
29199
29202
29477
29478
29484
29487
29499
29504
29522
29530
29537
29555
29560
29572
29575
29581
29582
29604
29605
29611
29614
29626
29631
29649
29657
29664
29682
29687
29699
29702
29708
29709
29984
29987
29993
29994
30006
30013
30031
30036
30039
30044
30062
30081
30082
30088
30091
30237
30242
30244
30251
30263
30264
30286
30289
30294
30297
30319
30320
30332
30341
30346
30363
30372
30377
30389
30392
30414
30415
30422
30423
30445
30448
30460
30465
30467
30608
30615
30633
30638
30650
30653
30659
30660
30682
30683
30689
30692
30704
30709
30727
30987
30992
31010
31029
31030
31036
31039
31059
31062
31068
31069
31081
31088
31106
31240
31243
31265
31266
31278
31287
31292
31310
31315
31317
31324
31336
31337
31359
31367
31368
31390
31393
31405
31410
31412
31435
31444
31449
31461
31464
31487
31743
31744
31766
31780
31785
31787
31810
31819
31824
31835
31838
31861
31866
31869
31892
31903
31912
31917
31935
31940
31942
31960
31961
31983
32113
32118
32135
32154
32159
32162
32182
32190
32191
32202
32226
32464
3005
5080
9180
13539
14497
15314
15826
15831
16064
16083
16086
16160
16168
16212
16213
17351
17854
18889
19274
20928
22783
23470
23989
24188
24292
24348
25262
25774
26779
27113
27528
27655
28213
28317
28348
28436
28823
28942
29180
30370
31111
31362
31442
31486
31769
31794
31860
31891
31986
32153
32185
32231
32487
32503
6645
10985
12259
13156
14303
14304
15321
19657
20420
21187
21826
22460
22463
26158
28006
29529
29656
30069
30339
30474
31017
31285
31419
31817
31910
31949
32209
32483
32496
32498
32518
32521
-2
-3
-4
-5
-6
-7
-9
-10
-11
-12
-13
-14
-15
-16
-17
-18
-19
-20
-21
-22
-23
-24
-25
-27
-28
-29
-30
-32
-33
-34
-35
-36
-37
-38
-39
-40
-41
-42
-44
-45
-47
-48
-49
-50
-51
-54
-55
-56
-57
-58
-59
-60
-61
-62
-63
-64
-65
-66
-67
-68
-69
-70
-71
-72
-73
-74
-75
-78
-79
-80
-81
-82
-84
-85
-87
-88
-89
-90
-91
-92
-93
-94
-95
-96
-97
-99
-100
