0 0
1 1
2 2
3 3
4 4
5 5
6 6
7 7
8 8
9 9
10 10
11 11
12 12
13 13
14 14
15 16
16 17
17 18
18 19
19 20
20 21
21 22
22 23
23 24
24 25
25 26
26 27
27 28
28 29
29 32
30 33
31 34
32 35
33 36
34 37
35 38
36 39
37 40
38 41
39 42
40 43
41 44
42 45
43 46
44 48
45 49
46 50
47 51
48 52
49 53
50 54
51 55
52 56
53 57
54 58
55 59
56 64
57 65
58 66
59 67
60 68
61 69
62 70
63 72
64 73
65 74
66 75
67 76
68 77
69 78
70 80
71 81
72 82
73 83
74 84
75 85
76 86
77 88
78 89
79 90
80 91
81 92
82 93
83 96
84 97
85 98
86 100
87 101
88 102
89 104
90 105
91 106
92 108
93 109
94 110
95 112
96 114
97 116
98 118
